11 0.445052 0.153704 0.172396 0.251852
23 0.570833 0.173148 0.121875 0.311111
8 0.617188 0.544444 0.076042 0.188889
1 0.378125 0.487037 0.118750 0.183333
2 0.534635 0.512037 0.185938 0.288889
6 0.492969 0.350926 0.103646 0.133333
1 0.562500 0.783796 0.173958 0.271296
3 0.507031 0.816667 0.193229 0.188889
3 0.465104 0.903704 0.177083 0.140741
4 0.372656 0.610185 0.132812 0.105556
1 0.404167 0.758333 0.118750 0.281481
4 0.306250 0.811111 0.122917 0.166667
15 0.689844 0.763889 0.154688 0.155556
3 0.746615 0.456019 0.124479 0.210185
9 0.372917 0.446759 0.148958 0.230556
4 0.559635 0.461111 0.065104 0.172222
2 0.525260 0.070833 0.156771 0.139815
