15 0.560677 0.232870 0.118229 0.195370
15 0.342969 0.423611 0.253646 0.156481
1 0.454688 0.453241 0.151042 0.176852
23 0.451562 0.673611 0.203125 0.256481
16 0.679688 0.713426 0.133333 0.245370
4 0.324219 0.909259 0.246354 0.159259
4 0.681771 0.087963 0.146875 0.174074
4 0.476042 0.855093 0.166667 0.154630
4 0.305208 0.311574 0.168750 0.160185
3 0.653385 0.943519 0.166146 0.112963
14 0.396615 0.177315 0.213021 0.352778
15 0.524740 0.266204 0.202604 0.250926
23 0.327344 0.334259 0.168229 0.275926
2 0.451042 0.531944 0.123958 0.193519
2 0.331771 0.593519 0.134375 0.131481
2 0.605990 0.403241 0.106771 0.228704
14 0.509115 0.918981 0.188021 0.160185
