4 0.268490 0.181944 0.116146 0.160185
1 0.291667 0.287963 0.158333 0.192593
16 0.251563 0.693981 0.103125 0.347222
23 0.435937 0.845370 0.141667 0.240741
6 0.474740 0.961111 0.127604 0.077778
4 0.489323 0.279167 0.080729 0.241667
0 0.212240 0.324537 0.148438 0.243519
15 0.284896 0.829630 0.108333 0.340741
7 0.392969 0.706944 0.084896 0.239815
4 0.523958 0.562037 0.162500 0.142593
4 0.513542 0.707870 0.214583 0.213889
0 0.298438 0.188426 0.112500 0.373148
6 0.383073 0.137500 0.095312 0.195370
22 0.232031 0.766667 0.057813 0.203704
