16 0.458854 0.570833 0.143750 0.200926
4 0.515104 0.748148 0.147917 0.222222
12 0.321875 0.479167 0.151042 0.252778
5 0.324479 0.629630 0.210417 0.238889
0 0.472135 0.351389 0.189062 0.139815
12 0.473177 0.445833 0.139063 0.112037
2 0.529167 0.093981 0.100000 0.184259
2 0.415625 0.103241 0.102083 0.156481
15 0.291406 0.300000 0.131771 0.120370
16 0.353906 0.537037 0.254688 0.166667
3 0.457552 0.705093 0.135937 0.221296
0 0.274219 0.830093 0.092188 0.219444
0 0.579948 0.906481 0.094271 0.131481
25 0.301042 0.393056 0.161458 0.125000
