11 0.575260 0.472222 0.172396 0.235185
5 0.458594 0.763426 0.202604 0.204630
4 0.276042 0.578241 0.086458 0.371296
16 0.481510 0.396759 0.126562 0.250926
7 0.335417 0.604167 0.110417 0.202778
2 0.372917 0.740741 0.108333 0.185185
19 0.266667 0.846759 0.130208 0.306481
4 0.492969 0.831019 0.165104 0.197222
4 0.499740 0.195833 0.101562 0.241667
2 0.410417 0.087500 0.190625 0.145370
9 0.299740 0.093056 0.129688 0.184259
11 0.485938 0.263426 0.178125 0.319444
16 0.315365 0.114815 0.217188 0.177778
12 0.305208 0.357870 0.162500 0.287963
4 0.399740 0.646296 0.219271 0.259259
11 0.380469 0.930556 0.168229 0.138889
4 0.402865 0.357870 0.123438 0.189815
