16 0.371615 0.162037 0.084896 0.322222
4 0.362760 0.742593 0.103646 0.250000
4 0.251042 0.680556 0.082292 0.320370
16 0.523438 0.411111 0.145833 0.262963
1 0.247656 0.878241 0.099479 0.243519
1 0.527865 0.505093 0.200521 0.282407
2 0.374219 0.557870 0.139063 0.212037
2 0.242448 0.393519 0.169271 0.335185
9 0.443490 0.453241 0.097396 0.173148
4 0.497396 0.687037 0.143750 0.155556
2 0.447135 0.909259 0.097396 0.181481
16 0.298438 0.484259 0.082292 0.366667
16 0.386198 0.702315 0.133854 0.343519
11 0.480990 0.621759 0.193229 0.189815
12 0.414062 0.298611 0.089583 0.239815
