7 0.329948 0.130556 0.166146 0.127778
16 0.504687 0.205556 0.147917 0.175926
2 0.329167 0.369444 0.201042 0.270370
12 0.451562 0.361574 0.145833 0.193519
16 0.280469 0.794907 0.148438 0.189815
4 0.407292 0.521296 0.096875 0.190741
3 0.389062 0.694444 0.128125 0.164815
10 0.540365 0.568056 0.093229 0.123148
4 0.581771 0.253241 0.176042 0.239815
4 0.714583 0.144444 0.200000 0.285185
23 0.332292 0.149074 0.159375 0.264815
4 0.543229 0.853241 0.163542 0.252778
0 0.708854 0.904630 0.095833 0.190741
4 0.779948 0.548148 0.097396 0.198148
