16 0.518490 0.243056 0.174479 0.167593
7 0.437760 0.165741 0.186979 0.194444
8 0.512760 0.368519 0.116146 0.146296
8 0.517969 0.668056 0.101562 0.175000
3 0.488542 0.893519 0.142708 0.185185
2 0.379948 0.771759 0.147396 0.191667
11 0.369792 0.491667 0.110417 0.192593
6 0.515365 0.486574 0.057813 0.141667
2 0.237240 0.203241 0.077604 0.212037
4 0.396615 0.188889 0.152604 0.235185
8 0.801042 0.081019 0.079167 0.123148
0 0.554688 0.691204 0.118750 0.312037
12 0.401562 0.712037 0.173958 0.157407
0 0.235417 0.734259 0.105208 0.351852
10 0.468490 0.358796 0.123438 0.150926
10 0.513021 0.115741 0.111458 0.151852
