3 0.556510 0.099074 0.180729 0.168519
22 0.529167 0.226852 0.147917 0.148148
1 0.533594 0.442593 0.140104 0.212963
22 0.434896 0.430556 0.096875 0.207407
11 0.401562 0.325926 0.113542 0.255556
18 0.232292 0.494907 0.084375 0.413889
12 0.391667 0.705556 0.164583 0.146296
12 0.542188 0.749074 0.165625 0.181481
22 0.640365 0.108796 0.218229 0.175000
4 0.440365 0.191204 0.095312 0.289815
17 0.354167 0.190278 0.171875 0.345370
20 0.633073 0.284259 0.111979 0.333333
4 0.534896 0.258796 0.160417 0.291667
3 0.455469 0.505556 0.142187 0.277778
4 0.281771 0.689815 0.217708 0.259259
3 0.413542 0.827315 0.163542 0.178704
4 0.517188 0.773148 0.134375 0.224074
9 0.442188 0.642130 0.187500 0.152778
