15 0.360938 0.379630 0.171875 0.131481
9 0.474740 0.168981 0.166146 0.249074
3 0.327865 0.819444 0.191146 0.157407
4 0.419792 0.688889 0.138542 0.142593
2 0.248698 0.179167 0.088021 0.341667
4 0.382812 0.312963 0.101042 0.325926
1 0.253646 0.482870 0.094792 0.250926
4 0.337760 0.611574 0.179688 0.167593
4 0.489323 0.106481 0.148438 0.201852
7 0.562240 0.413889 0.160938 0.268519
7 0.411979 0.742130 0.201042 0.171296
7 0.610677 0.612500 0.178646 0.223148
4 0.573698 0.712037 0.148438 0.153704
19 0.460417 0.847685 0.139583 0.167593
2 0.348698 0.861111 0.083854 0.138889
0 0.521875 0.263426 0.108333 0.243519
4 0.572917 0.187500 0.153125 0.143519
