19 0.472917 0.142593 0.123958 0.283333
14 0.263021 0.485185 0.257292 0.320370
4 0.460938 0.618981 0.163542 0.128704
10 0.513542 0.733796 0.160417 0.191667
0 0.566667 0.920833 0.148958 0.152778
4 0.394792 0.434722 0.083333 0.293519
9 0.524219 0.245370 0.165104 0.183333
16 0.249740 0.706019 0.110937 0.371296
5 0.335417 0.696296 0.121875 0.309259
15 0.414583 0.687037 0.094792 0.440741
11 0.532813 0.618981 0.147917 0.219444
8 0.666667 0.881019 0.073958 0.156481
21 0.552865 0.925463 0.192188 0.149074
