1 0.464844 0.729167 0.139063 0.180556
1 0.523438 0.907407 0.122917 0.183333
11 0.454688 0.181019 0.195833 0.189815
0 0.255469 0.238426 0.064062 0.206481
2 0.555469 0.393519 0.141146 0.185185
4 0.312760 0.474074 0.084896 0.201852
24 0.366146 0.173611 0.157292 0.345370
23 0.534115 0.152315 0.182812 0.302778
12 0.532292 0.454630 0.131250 0.137037
6 0.672917 0.368056 0.083333 0.087963
4 0.594792 0.770370 0.180208 0.151852
20 0.366146 0.582870 0.133333 0.284259
9 0.415885 0.761111 0.150521 0.140741
3 0.608073 0.064352 0.102604 0.126852
