4 0.286458 0.470833 0.129167 0.245370
0 0.445052 0.671759 0.129688 0.302778
0 0.480729 0.081019 0.132292 0.154630
17 0.528385 0.307870 0.156771 0.195370
4 0.473958 0.442130 0.162500 0.154630
2 0.219010 0.900926 0.064062 0.187037
4 0.215625 0.862963 0.114583 0.268519
0 0.582292 0.902778 0.116667 0.122222
15 0.416667 0.853241 0.145833 0.143519
16 0.701042 0.188426 0.139583 0.375000
10 0.584115 0.462500 0.082812 0.132407
9 0.682292 0.574537 0.073958 0.091667
4 0.262240 0.856481 0.101562 0.285185
0 0.170313 0.469444 0.058333 0.174074
