23 0.769792 0.545833 0.165625 0.247222
23 0.658073 0.151852 0.163021 0.268519
4 0.563802 0.302315 0.058854 0.237963
12 0.480469 0.093056 0.104688 0.184259
4 0.296615 0.215278 0.166146 0.302778
2 0.294271 0.577778 0.089583 0.229630
4 0.198698 0.434259 0.093229 0.150000
2 0.303646 0.451389 0.190625 0.260185
2 0.467187 0.453704 0.096875 0.200000
23 0.577344 0.504630 0.175521 0.353704
4 0.627865 0.639352 0.142187 0.215741
16 0.642969 0.800000 0.144271 0.129630
3 0.340365 0.818056 0.132812 0.250926
23 0.496094 0.779167 0.166146 0.350926
0 0.698958 0.261111 0.104167 0.190741
