22 0.242708 0.146296 0.078125 0.264815
9 0.319271 0.213426 0.108333 0.213889
3 0.393490 0.338426 0.117188 0.230556
4 0.457292 0.418519 0.132292 0.238889
4 0.435937 0.842593 0.186458 0.237037
2 0.606771 0.105556 0.148958 0.209259
8 0.505729 0.960185 0.098958 0.079630
7 0.563281 0.153704 0.179688 0.144444
6 0.647396 0.687963 0.071875 0.233333
3 0.530469 0.575000 0.109896 0.261111
3 0.364583 0.350000 0.097917 0.298148
0 0.313542 0.482870 0.094792 0.282407
16 0.244792 0.776852 0.159375 0.270370
12 0.254167 0.452778 0.076042 0.357407
4 0.315104 0.715741 0.155208 0.138889
4 0.424219 0.185648 0.125521 0.356481
25 0.357031 0.884722 0.103646 0.225000
