0 0.378385 0.160185 0.088021 0.187037
18 0.370833 0.534722 0.208333 0.326852
1 0.239844 0.648148 0.084896 0.405556
0 0.489063 0.623611 0.147917 0.143519
9 0.533073 0.807870 0.072396 0.158333
10 0.734115 0.790278 0.077604 0.152778
11 0.390365 0.691667 0.117188 0.205556
8 0.504167 0.222685 0.111458 0.112037
1 0.406771 0.109722 0.152083 0.145370
2 0.330729 0.657870 0.196875 0.180556
12 0.369531 0.483796 0.142187 0.147222
12 0.258073 0.717593 0.125521 0.151852
2 0.255469 0.296759 0.090104 0.252778
10 0.492708 0.790278 0.152083 0.191667
