15 0.560677 0.232870 0.118229 0.195370
15 0.342969 0.423611 0.253646 0.156481
1 0.454688 0.453241 0.151042 0.176852
23 0.451562 0.673611 0.203125 0.256481
16 0.679688 0.713426 0.133333 0.245370
4 0.324219 0.909259 0.246354 0.159259
4 0.681771 0.087963 0.146875 0.174074
4 0.476042 0.855093 0.166667 0.154630
4 0.305208 0.311574 0.168750 0.160185
3 0.653385 0.943519 0.166146 0.112963
18 0.722396 0.384259 0.089583 0.287037
8 0.324740 0.505556 0.084896 0.188889
23 0.533333 0.934259 0.198958 0.131481
