18 0.284115 0.523611 0.186979 0.234259
2 0.484635 0.881944 0.168229 0.230556
3 0.359115 0.808796 0.125521 0.232407
4 0.522135 0.698611 0.126562 0.208333
4 0.419792 0.347685 0.145833 0.150926
4 0.412240 0.053241 0.216146 0.100926
6 0.197135 0.075926 0.055729 0.150000
12 0.643490 0.500463 0.093229 0.289815
2 0.287760 0.311574 0.095312 0.156481
1 0.326042 0.187037 0.219792 0.244444
3 0.492188 0.590741 0.114583 0.320370
6 0.235417 0.542130 0.055208 0.156481
0 0.279687 0.695370 0.109375 0.209259
4 0.310417 0.805556 0.204167 0.168519
2 0.482292 0.899537 0.098958 0.180556
