10 0.408333 0.137963 0.122917 0.233333
0 0.537240 0.480093 0.127604 0.230556
23 0.440365 0.402778 0.173437 0.290741
12 0.530990 0.847222 0.176563 0.305556
2 0.361719 0.909259 0.129688 0.181481
12 0.571875 0.662037 0.093750 0.200000
14 0.396615 0.177315 0.213021 0.352778
15 0.524740 0.266204 0.202604 0.250926
23 0.327344 0.334259 0.168229 0.275926
2 0.451042 0.531944 0.123958 0.193519
2 0.331771 0.593519 0.134375 0.131481
2 0.605990 0.403241 0.106771 0.228704
14 0.509115 0.918981 0.188021 0.160185
