2 0.631771 0.084259 0.120833 0.166667
4 0.421094 0.065278 0.241146 0.128704
2 0.270833 0.102778 0.210417 0.203704
0 0.344792 0.359722 0.180208 0.263889
1 0.385417 0.584722 0.108333 0.252778
0 0.512760 0.525463 0.086979 0.269444
11 0.487240 0.693519 0.176563 0.162963
22 0.334896 0.906019 0.105208 0.165741
11 0.319792 0.568056 0.113542 0.175000
0 0.242969 0.511574 0.070312 0.193519
20 0.288021 0.923611 0.169792 0.106481
16 0.526823 0.870833 0.081771 0.258333
8 0.420052 0.193056 0.086979 0.187963
25 0.289583 0.109259 0.145833 0.125926
